# RNG values from fpga-serial provider
# Format: timestamp_ms,random_value
1752022808669,0.8124961815
1752022808696,0.4999980925
1752022808721,0.9997539222
1752022808748,0.4999980851
1752022808775,0.9375000000
1752022808801,0.9990234077
1752022808828,0.9997539483
1752022808854,0.2497558592
1752022808881,0.7499942704
1752022808906,0.7495098113
1752022808933,0.9999999851
1752022808959,0.4985351487
1752022808985,0.9999999925
1752022809012,0.8749990388
1752022809038,0.8747558593
1752022809064,0.8749971240
1752022809090,0.8115234375
1752022809115,0.8747558556
1752022809142,0.9980392456
1752022809168,0.8749990388
1752022809194,0.9374999851
1752022809220,0.9370117113
1752022809246,0.9990234226
1752022809272,0.7499990463
1752022809298,0.9995078593
1752022809327,0.9370117150
1752022809353,0.7490196153
1752022809380,0.9990234375
1752022809406,1.0000000000
1752022809435,0.9999980927
1752022809468,0.9999923557
1752022809495,0.7496337741
1752022809521,0.7497558519
1752022809548,0.9990234300
1752022809576,0.7499961741
1752022809604,0.6249980926
1752022809630,0.8749980777
1752022809657,0.9995117187
1752022809684,0.4999923705
1752022809710,0.9999999702
1752022809736,0.7490234300
1752022809762,0.9999999851
1752022809787,0.9990234338
1752022809813,0.9999980927
1752022809840,0.9374923482
1752022809867,0.9365158081
1752022809893,0.9990224615
1752022809919,0.4999961703
1752022809945,0.9996337872
1752022809971,0.9999971390
1752022809996,0.6249999925
1752022810023,0.7499961815
1752022810049,0.8745098114
1752022810075,0.8745078817
1752022810101,0.7497539520
1752022810127,0.9997539520
1752022810153,0.7496337592
1752022810179,0.7497539445
1752022810205,0.8749961853
1752022810231,0.6249961554
1752022810256,0.9990234300
1752022810282,0.9995102882
1752022810308,0.8124980926
1752022810334,0.2490215300
1752022810360,0.9995098077
1752022810386,0.7499980851
1752022810412,0.9985351562
1752022810438,0.9999999981
1752022810468,0.9995078892
1752022810499,0.8740234226
1752022810526,0.8749923594
1752022810554,0.9995107614
1752022810584,0.9995107651
1752022810611,1.0000000000
1752022810640,0.9999923706
1752022810670,0.8745117075
1752022810702,0.9999999851
1752022810729,0.9995040894
1752022810755,0.4985313414
1752022810785,0.9995117113
1752022810815,0.9995117150
1752022810843,0.9990157932
1752022810870,0.9995098114
1752022810902,0.7499923668
1752022810932,0.9995117187
1752022810958,0.9370117076
1752022810984,0.8749961704
1752022811010,0.9995079041
1752022811036,0.9370098077
1752022811062,0.7492675706
1752022811087,0.9355468601
1752022811113,0.9995079041
1752022811139,0.7499999999
1752022811165,0.8749980777
1752022811191,0.4980468749
1752022811216,0.9999999888
1752022811242,0.9997558594
1752022811268,0.9990205541
1752022811294,0.9999990463
1752022811320,0.9374999963
1752022811346,0.9995040819
1752022811371,0.9995117113
1752022811397,0.7480449676
1752022811423,0.9995117076
1752022811449,1.0000000000
1752022811474,0.4995117186
1752022811500,0.8749999962
1752022811527,0.9990158044
1752022811553,0.9999961853
1752022811578,0.8745116889
1752022811604,0.8745117187
1752022811629,0.7480430528
1752022811655,0.4985342025
1752022811680,0.7499999999
1752022811706,0.9685058445
1752022811732,0.9995117187
1752022811758,0.9998760223
1752022811784,0.9995117187
1752022811809,0.8740234375
1752022811835,0.4990215263
1752022811861,1.0000000000
1752022811887,0.7499999999
1752022811912,0.4995116888
1752022811937,0.8740196004
1752022811962,0.7485294341
1752022811987,0.9995107651
1752022812013,0.9367656633
1752022812038,0.9985351562
1752022812064,0.6249999925
1752022812090,0.7490234337
1752022812115,0.7499961852
1752022812141,0.9995117150
1752022812165,1.0000000000
1752022812192,0.7492675632
1752022812217,1.0000000000
1752022812243,1.0000000000
1752022812268,0.9999980628
1752022812294,0.9997558556
1752022812320,0.9999980852
1752022812345,0.9960937500
1752022812371,0.8666291237
1752022812396,0.3691525018
1752022812421,0.4049376974
1752022812446,0.0688503590
1752022812472,0.4261315727
1752022812497,0.8349147783
1752022812522,0.5717806813
1752022812548,0.0780647760
1752022812573,0.0357337501
1752022812599,0.8388450588
1752022812624,0.8178755045
1752022812650,0.4313016833
1752022812676,0.6665262612
1752022812701,0.1620142807
1752022812727,0.3439450938
1752022812752,0.6831089795
1752022812778,0.8603156164
1752022812803,0.0199894956
1752022812829,0.9254432472
1752022812855,0.2596050804
1752022812881,0.8434373089
1752022812907,0.5616766495
1752022812933,0.0149358546
1752022812960,0.6755144269
1752022812987,0.4768377017
1752022813013,0.4395381311
1752022813039,0.5294629393
1752022813064,0.0106496955
1752022813089,0.7043989118
1752022813115,0.2790118769
1752022813140,0.3402470775
1752022813166,0.9813654518
1752022813191,0.4474527427
1752022813216,0.6502895825
1752022813242,0.4776366331
1752022813268,0.7220508504
1752022813294,0.4771306616
1752022813319,0.9847655643
1752022813345,0.6168126836
1752022813371,0.9957782123
1752022813396,0.2351427577
1752022813422,0.9443172158
1752022813448,0.2626791227
1752022813475,0.1894664821
1752022813501,0.6240430038
1752022813529,0.6846890381
1752022813555,0.8827516110
1752022813580,0.9421805742
1752022813606,0.7546653605
1752022813632,0.4692288340
1752022813658,0.3061830751
1752022813685,0.1671368189
1752022813713,0.9039433051
1752022813739,0.1001104380
1752022813767,0.7858109769
1752022813793,0.2860157579
1752022813821,0.3316223254
1752022813847,0.3924063319
1752022813875,0.1117062269
1752022813902,0.0781601807
1752022813932,0.6435758578
1752022813961,0.3468171964
1752022813989,0.2760476282
1752022814018,0.0116430125
1752022814046,0.7076255341
1752022814072,0.5398092779
1752022814099,0.0476884919
1752022814126,0.4635619245
1752022814153,0.1455530441
1752022814181,0.7088935742
1752022814208,0.0659051014
1752022814235,0.2299320186
1752022814261,0.8961504914
1752022814287,0.1027348957
1752022814315,0.1892495661
1752022814341,0.7962857664
1752022814368,0.6799601881
1752022814394,0.0080924351
1752022814421,0.2898201596
1752022814448,0.7847413925
1752022814474,0.2928980939
1752022814500,0.0381791229
1752022814526,0.5055258927
1752022814553,0.9236129487
1752022814579,0.1922349346
1752022814605,0.5980724757
1752022814630,0.8653542362
1752022814657,0.7033620471
1752022814683,0.4211954869
1752022814709,0.4802313520
1752022814735,0.3249230388
1752022814761,0.7184207148
1752022814787,0.0934760228
1752022814812,0.7262364714
1752022814838,0.6746951611
1752022814865,0.2310559166
1752022814892,0.1016976468
1752022814918,0.3224508982
1752022814944,0.3654706982
1752022814970,0.5188337424
1752022814996,0.4222309213
1752022815022,0.3854457825
1752022815048,0.4758201545
1752022815076,0.3987100358
1752022815106,0.6245106672
1752022815131,0.7634380117
1752022815157,0.0382766831
1752022815183,0.2917896466
1752022815209,0.0770509395
1752022815235,0.8950617462
1752022815261,0.5976578914
1752022815287,0.0603708299
1752022815312,0.9980077371
1752022815339,0.6167287919
1752022815365,0.4049723443
1752022815391,0.0684497566
1752022815417,0.8598164625
1752022815442,0.2514281104
1752022815468,0.1777383492
1752022815494,0.2572741481
1752022815519,0.3887843272
1752022815545,0.1778652661
1752022815571,0.6116899114
1752022815597,0.1728586199
1752022815624,0.3171507126
1752022815652,0.7695629389
1752022815687,0.2774865735
1752022815718,0.3280071924
1752022815744,0.1344793644
1752022815772,0.5787593193
1752022815798,0.4189268971
1752022815826,0.0146134440
1752022815853,0.9720131657
1752022815883,0.3909377433
1752022815911,0.1977341159
1752022815944,0.1027096557
1752022815974,0.5137456398
1752022816002,0.4866800430
1752022816029,0.4872602808
1752022816055,0.7791362684
1752022816082,0.9637335557
1752022816109,0.7780470582
1752022816135,0.9151776782
1752022816163,0.0528920335
1752022816193,0.4388407295
1752022816221,0.9633862532
1752022816262,0.9434994992
1752022816291,0.6517718196
1752022816320,0.5464742183
1752022816347,0.3516156183
1752022816373,0.0903604266
1752022816401,0.7716331647
1752022816427,0.0301231628
1752022816453,0.2136267787
1752022816479,0.0769749952
1752022816507,0.7716109990
1752022816532,0.2597417450
1752022816558,0.5568243232
1752022816585,0.5505140490
1752022816611,0.6374409231
1752022816637,0.7973204143
1752022816663,0.2026990592
1752022816689,0.7034217286
1752022816716,0.8979965108
1752022816743,0.0836255716
1752022816768,0.4444503664
1752022816794,0.2719286432
1752022816821,0.9874319227
1752022816848,0.6895359160
1752022816875,0.1041541989
1752022816902,0.4988113312
1752022816928,0.8855443641
1752022816954,0.6791080657
1752022816980,0.1825423865
1752022817008,0.5377678176
1752022817034,0.0296937055
1752022817061,0.2040996787
1752022817089,0.9609385410
1752022817116,0.4494582679
1752022817143,0.3713560173
1752022817171,0.5239149359
1752022817196,0.1537436287
1752022817222,0.4217660610
1752022817249,0.6969841043
1752022817277,0.1038841079
1752022817306,0.1509973430
1752022817335,0.5506811728
1752022817362,0.6867286739
1752022817390,0.7774627231
1752022817418,0.4209393881
1752022817446,0.3366675839
1752022817473,0.5542984548
1752022817500,0.4321251336
1752022817526,0.4293744425
1752022817554,0.5413377754
1752022817580,0.5325532070
1752022817606,0.1928208196
1752022817632,0.6791185617
1752022817659,0.9280832405
1752022817685,0.9997541339
1752022817711,0.5394295758
1752022817737,0.5457467622
1752022817762,0.7473964162
1752022817788,0.5325424917
1752022817814,0.5516455876
1752022817840,0.4373104571
1752022817867,0.6685841418
1752022817893,0.8564853135
1752022817921,0.2753512667
1752022817947,0.1534479149
1752022817974,0.6006974249
1752022818002,0.3921180559
1752022818029,0.1661970057
1752022818057,0.6481468579
1752022818084,0.7070597661
1752022818112,0.4596562277
1752022818140,0.1654736251
1752022818167,0.6753528513
1752022818194,0.2033901290
1752022818221,0.5050540186
1752022818248,0.7351215674
1752022818276,0.2859646138
1752022818302,0.7964761036
1752022818330,0.3814369194
1752022818356,0.5688656542
1752022818383,0.5959429903
1752022818410,0.8275445469
1752022818437,0.2976367491
1752022818465,0.9460779012
1752022818492,0.4450332235
1752022818519,0.9599761567
1752022818546,0.3852580957
1752022818572,0.9622231980
1752022818600,0.5426289764
1752022818628,0.8631318572
1752022818655,0.1468004492
1752022818682,0.8903626646
1752022818709,0.4563885372
1752022818736,0.8928199550
1752022818764,0.9334489903
1752022818791,0.5053478916
1752022818819,0.2854856221
1752022818846,0.0699094108
1752022818873,0.9543133201
1752022818901,0.0380812951
1752022818928,0.9749225248
1752022818956,0.7447030718
1752022818982,0.3009796662
1752022819009,0.0825742115
1752022819038,0.4385075905
1752022819066,0.0450391052
1752022819092,0.2799924277
1752022819119,0.1555033666
1752022819147,0.7894122290
1752022819174,0.9166880129
1752022819201,0.8736439242
1752022819228,0.3683778526
1752022819257,0.7461005588
1752022819285,0.7251196112
1752022819313,0.1956850556
1752022819342,0.8485160546
1752022819369,0.3613047473
1752022819397,0.5267881929
1752022819424,0.5265231204
1752022819452,0.5916835078
1752022819480,0.5069242228
1752022819507,0.4468617713
1752022819533,0.2198080766
1752022819560,0.2843176879
1752022819587,0.5388703867
1752022819615,0.1893458548
1752022819643,0.0762842817
1752022819670,0.6824859941
1752022819696,0.1617471234
1752022819722,0.1147719848
1752022819747,0.0808878904
1752022819774,0.2178623332
1752022819800,0.0895089261
1752022819828,0.4764211330
1752022819856,0.9619630168
1752022819883,0.8884136853
1752022819911,0.7931120737
1752022819938,0.3808938231
1752022819965,0.3311607336
1752022819993,0.0650241594
1752022820019,0.6056870966
1752022820049,0.1767914922
1752022820076,0.8858562165
1752022820103,0.0336493158
1752022820129,0.1761890236
1752022820156,0.0318220949
1752022820184,0.5088314613
1752022820211,0.1243007633
1752022820240,0.2128132431
1752022820267,0.1388209104
1752022820294,0.5263461348
1752022820322,0.5886711147
1752022820349,0.2356839520
1752022820377,0.2315257183
1752022820405,0.1234487621
1752022820433,0.9078899314
1752022820460,0.7704403649
1752022820493,0.8829091349
1752022820521,0.4816063148
1752022820546,0.0556153571
1752022820573,0.0347557159
1752022820600,0.8962474293
1752022820627,0.2184503279
1752022820655,0.7190412566
1752022820681,0.3842877800
1752022820709,0.5293159379
1752022820736,0.8123175359
1752022820764,0.3147285351
1752022820790,0.2818353123
1752022820817,0.1879961484
1752022820844,0.3324046736
1752022820872,0.2263525306
1752022820903,0.2964993027
1752022820934,0.5919284687
1752022820961,0.0440106602
1752022820988,0.0872001471
1752022821014,0.2547749389
1752022821040,0.0102219461
1752022821066,0.4460011868
1752022821092,0.2538778908
1752022821118,0.6910787548
1752022821144,0.7499679906
1752022821170,0.7115171993
1752022821196,0.5352480259
1752022821223,0.7066155331
1752022821249,0.3459728752
1752022821274,0.8101520242
1752022821300,0.7009958403
1752022821326,0.2327530755
1752022821352,0.5230181074
1752022821378,0.8898626086
1752022821404,0.7363468368
1752022821430,0.9112006076
1752022821456,0.5196704442
1752022821483,0.3542059400
1752022821509,0.5664779790
1752022821534,0.7191614399
1752022821560,0.2158815121
1752022821586,0.3092166414
1752022821612,0.4428544139
1752022821637,0.7467426883
1752022821664,0.3862614681
1752022821690,0.4681616052
1752022821716,0.1937159556
1752022821742,0.0387790452
1752022821771,0.7970797882
1752022821799,0.1239293865
1752022821826,0.8900640586
1752022821853,0.1062168991
1752022821878,0.3030128114
1752022821906,0.8559313845
1752022821934,0.3810011729
1752022821962,0.1342657809
1752022821990,0.6221840448
1752022822018,0.2466277169
1752022822044,0.8171966082
1752022822070,0.1365225115
1752022822098,0.9905857025
1752022822126,0.8512346905
1752022822151,0.2241727138
1752022822178,0.1004322442
1752022822205,0.7488307845
1752022822231,0.6772177484
1752022822258,0.6701222529
1752022822285,0.6526511562
1752022822311,0.2675863444
1752022822337,0.6903456446
1752022822366,0.6515951431
1752022822394,0.9995399062
1752022822420,0.7522771498
1752022822448,0.4575689140
1752022822475,0.2638139383
1752022822502,0.5454728779
1752022822529,0.4421560397
1752022822557,0.4712869768
1752022822586,0.1293543829
1752022822613,0.3743954288
1752022822639,0.6352087619
1752022822666,0.7407744259
1752022822692,0.2289665866
1752022822718,0.6852742268
1752022822744,0.6183860811
1752022822771,0.1261215655
1752022822797,0.6013154920
1752022822822,0.8528056629
1752022822850,0.2560383196
1752022822877,0.5050087570
1752022822905,0.5066537516
1752022822931,0.6790278805
1752022822960,0.8349236173
1752022822986,0.2839961150
1752022823013,0.7455570606
1752022823040,0.1027104310
1752022823066,0.8858353272
1752022823093,0.9438785342
1752022823120,0.2844622883
1752022823146,0.0575421096
1752022823172,0.5410570264
1752022823199,0.6172219328
1752022823226,0.2966177872
1752022823254,0.8718221264
1752022823280,0.0456927414
1752022823307,0.7803880858
1752022823335,0.5256951234
1752022823363,0.4850975618
1752022823390,0.0436610668
1752022823419,0.8145676390
1752022823445,0.2230126241
1752022823474,0.3860227550
1752022823502,0.5441146573
1752022823529,0.5620683307
1752022823556,0.3268247043
1752022823583,0.9667353211
1752022823610,0.8067472453
1752022823637,0.1557108260
1752022823663,0.1564966638
1752022823690,0.1053952638
1752022823716,0.9037280166
1752022823743,0.2371975480
1752022823770,0.5456361660
1752022823798,0.9076043339
1752022823826,0.6905002456
1752022823853,0.5606385657
1752022823883,0.8662106676
1752022823910,0.0981861940
1752022823937,0.9752022875
1752022823965,0.0359549963
1752022823991,0.4371351121
1752022824018,0.5011139849
1752022824046,0.2588961342
1752022824073,0.9358593961
1752022824100,0.6434011496
1752022824127,0.5180057638
1752022824155,0.5711344517
1752022824182,0.6325340026
1752022824209,0.6438245430
1752022824236,0.4778604082
1752022824263,0.8665324803
1752022824290,0.6690981103
1752022824318,0.6789230913
1752022824345,0.1473515060
1752022824373,0.6234797499
1752022824401,0.3498782714
1752022824428,0.1368147848
1752022824455,0.5278862718
1752022824482,0.4795560361
1752022824509,0.3673586348
1752022824536,0.9531381668
1752022824564,0.4775826913
1752022824592,0.8280201556
1752022824619,0.1690285262
1752022824647,0.2120327964
1752022824674,0.5533367462
1752022824702,0.2540602959
1752022824730,0.4032241060
1752022824756,0.5349356710
1752022824785,0.3296914886
1752022824812,0.2763267793
1752022824838,0.3358830938
1752022824865,0.1561013058
1752022824892,0.7678051528
1752022824919,0.3308689441
1752022824947,0.3523440909
1752022824974,0.1930348021
1752022825001,0.0375683371
1752022825030,0.3253475156
1752022825056,0.9728595046
1752022825084,0.2990061555
1752022825112,0.7693786888
1752022825139,0.1957170174
1752022825167,0.1209857436
1752022825193,0.4977354131
1752022825221,0.0326754572
1752022825248,0.8519998062
1752022825276,0.4068742412
1752022825304,0.4064838990
1752022825331,0.9223236255
1752022825360,0.6321222625
1752022825387,0.2490331298
1752022825413,0.7111554671
1752022825441,0.1871564652
1752022825469,0.0767071110
1752022825496,0.1458357624
1752022825524,0.3314837195
1752022825553,0.6423921223
1752022825582,0.2749602174
1752022825609,0.5328557092
1752022825636,0.5589952121
1752022825663,0.0743438706
1752022825690,0.5990191914
1752022825718,0.1278598602
1752022825744,0.4772767789
1752022825771,0.0667579852
1752022825797,0.3886778214
1752022825824,0.2830004367
1752022825851,0.8595914114
1752022825879,0.9106765294
1752022825907,0.3267033217
1752022825934,0.1085826636
1752022825962,0.2408072949
1752022825990,0.7915112832
1752022826018,0.1431426946
1752022826045,0.6071863227
1752022826073,0.3229059145
1752022826100,0.3875696499
1752022826128,0.7151363051
1752022826155,0.5118173038
1752022826182,0.3352714331
1752022826209,0.6182719242
1752022826236,0.3630360010
1752022826263,0.7284178498
1752022826289,0.5842284424
1752022826317,0.2423912061
1752022826344,0.5253202150
1752022826372,0.7019744678
1752022826399,0.4048014654
1752022826428,0.5291142358
1752022826456,0.1281831221
1752022826483,0.3764799788
1752022826510,0.3023975499
1752022826538,0.8564603948
1752022826564,0.7064084247
1752022826591,0.4243927965
1752022826618,0.7224340769
1752022826646,0.2154094847
1752022826673,0.2703981249
1752022826700,0.7287996823
1752022826727,0.4700912976
1752022826755,0.5753934091
1752022826783,0.9679975561
1752022826811,0.0689012506
1752022826839,0.1934119545
1752022826867,0.6185360485
1752022826894,0.8814479892
1752022826922,0.6356141839
1752022826949,0.5672521907
1752022826976,0.6633932804
1752022827003,0.6241924536
1752022827031,0.0347840877
1752022827058,0.1164094804
1752022827085,0.1133302718
1752022827113,0.4480968116
1752022827140,0.3622978715
1752022827168,0.7257457487
1752022827196,0.6425961546
1752022827223,0.0494631198
1752022827250,0.1930786740
1752022827278,0.7907512204
1752022827306,0.4007708606
1752022827334,0.8254149519
1752022827362,0.1733316563
1752022827388,0.6718629388
1752022827415,0.4687473314
1752022827442,0.5782396313
1752022827469,0.8130709591
1752022827497,0.9233592497
1752022827524,0.1701942641
1752022827552,0.6178948289
1752022827580,0.3240776980
1752022827606,0.9503803453
1752022827634,0.8072450985
1752022827660,0.3490314152
1752022827687,0.6461478781
1752022827713,0.1601926729
1752022827739,0.0703254268
1752022827765,0.2626537933
1752022827791,0.1699616141
1752022827817,0.3013792819
1752022827843,0.1993421708
1752022827870,0.2083921803
1752022827896,0.1188999855
1752022827923,0.9028312000
1752022827950,0.1653542908
1752022827976,0.7280939300
1752022828003,0.7245729218
1752022828031,0.8520955271
1752022828060,0.8989995278
1752022828088,0.9251653212
1752022828115,0.7046254700
1752022828144,0.7513036245
1752022828173,0.1910455681
1752022828201,0.1167167393
1752022828228,0.3438767212
1752022828256,0.4375231162
1752022828284,0.2081630326
1752022828311,0.0137972690
1752022828338,0.9903985579
1752022828365,0.5712388625
1752022828392,0.0274759641
1752022828419,0.0455738644
1752022828445,0.8562672154
1752022828474,0.4728148006
1752022828501,0.8627104375
1752022828528,0.1406371328
1752022828555,0.6088222348
1752022828582,0.5428183935
1752022828609,0.0528137242
1752022828636,0.1191875455
1752022828664,0.6761379451
1752022828692,0.1333482180
1752022828719,0.0867576630
