# RNG values from fpga-serial provider
0.87451
0.498039
0.87451
1
1
0.74902
1
0.74902
1
0.937255
0.498039
1
1
0.87451
0.87451
1
1
1
0.87451
1
1
1
1
1
0.74902
1
0.87451
1
0.74902
1
0.74902
1
0.87451
0.87451
1
0.247059
0.968627
1
0.498039
0.74902
1
0.498039
1
0.74902
0.87451
1
0.498039
1
1
0.623529
0.937255
1
0.937255
0.87451
1
1
0.74902
0.74902
1
1
0.87451
0.87451
0.498039
0.74902
0.87451
1
0.498039
0.74902
0.87451
1
1
0.498039
0.937255
0.937255
0.74902
0.937255
0.937255
0.87451
1
1
0.87451
1
1
0.937255
0.498039
0.87451
1
0.937255
0.937255
0.74902
1
0.74902
1
1
0.74902
0.498039
0.498039
0.498039
0.87451
0.74902
0.87451
1
1
0.87451
0.247059
0.74902
0.937255
1
1
1
0.937255
1
1
1
0.87451
0.87451
0.87451
0.74902
1
0.74902
1
0.498039
1
0.498039
0.74902
1
0.937255
0.87451
0.74902
1
0.937255
0.87451
0.74902
0.74902
0.498039
0.87451
0.498039
0.811765
1
1
1
0.811765
0.87451
1
0.968627
0.74902
1
1
1
0.74902
0.87451
0.937255
0.87451
1
0.87451
1
0.811765
1
0.498039
1
1
0.74902
1
0.74902
0.87451
0.87451
0.937255
0.74902
0.87451
0.74902
0.87451
0.87451
0.498039
1
0.623529
1
1
1
1
0.937255
0.498039
0.623529
1
1
1
1
1
0.74902
0.87451
0.87451
0.498039
1
1
1
0.623529
1
1
1
0.74902
1
0.74902
1
1
0.74902
1
1
1
0.937255
1
0.87451
0.968627
1
0.811765
1
0.905882
1
0.74902
0.74902
0.937255
1
0.87451
1
0.87451
1
1
1
0.87451
0.74902
1
0.905882
1
1
1
1
1
1
0.968627
1
0.74902
1
0.937255
0.937255
0.623529
0.74902
0.87451
0.498039
0.74902
1
1
0.498039
0.498039
0.623529
1
0.74902
0.87451
1
0.87451
0.74902
0.937255
0.74902
1
1
1
0.937255
0.968627
0.937255
1
0.247059
1
1
1
1
1
1
1
0.74902
1
0.87451
0.87451
0.937255
0.937255
0.87451
0.937255
0.87451
0.498039
0.87451
0.937255
1
0.498039
0.87451
0.87451
0.87451
1
1
0.498039
0.87451
1
0.937255
0.74902
0.74902
1
0.74902
1
0.87451
1
1
0.498039
1
1
0.498039
1
1
0.74902
1
1
1
1
1
0.811765
1
1
1
1
1
0.74902
1
1
0.74902
1
0.247059
1
0.87451
1
1
0.87451
0.74902
1
0.87451
0.74902
0.247059
0.87451
1
0.87451
0.74902
0.87451
1
0.937255
0.811765
1
1
0.87451
0.74902
1
1
0.937255
1
0.87451
1
0.74902
0.74902
0.74902
0.74902
0.74902
1
0.87451
1
0.87451
0.498039
0.87451
0.498039
1
1
1
0.74902
1
0.498039
1
1
0.74902
0.87451
0.498039
1
0.811765
0.498039
1
1
0.87451
1
0.74902
0.74902
0.74902
0.498039
1
0.74902
1
1
1
0.74902
1
1
1
1
1
0.968627
0.74902
1
0.87451
0.498039
1
0.937255
1
0.74902
1
1
1
1
1
0.87451
0.87451
1
1
1
1
1
0.74902
1
0.937255
0.937255
0.87451
1
0.937255
0.937255
1
1
0.74902
1
1
0.811765
0.74902
0.74902
0.937255
0.87451
1
1
0.74902
0.498039
0.968627
1
0.87451
0.74902
0.74902
0.87451
0.87451
0.905882
0.87451
1
1
0.87451
1
1
0.87451
1
0.87451
1
0.87451
1
1
1
0.937255
1
0.937255
1
1
1
0.74902
1
0.498039
1
0.87451
1
1
1
0.623529
0.87451
1
0.623529
0.87451
0.87451
1
1
1
0.74902
1
1
0.74902
0.968627
0.937255
0.87451
0.498039
0.74902
0.87451
0.87451
0.937255
1
1
1
0.87451
0.74902
1
0.74902
1
0.87451
1
1
0.87451
1
0.996078
1
1
1
1
0.709804
0.52549
0.34902
0.517647
0.705882
0.92549
0.960784
0.439216
0.678431
0.976471
0.827451
0.286275
0.0470588
0.0313725
0.152941
0.305882
0.603922
0.184314
0.517647
0.419608
0.231373
0.313725
0.427451
0.462745
0.737255
0.184314
0.847059
0.564706
0.341176
0.619608
0.803922
0.415686
0.529412
0.215686
0.243137
0.196078
0.529412
0.427451
0.85098
0.505882
0.301961
0.854902
0.615686
0.184314
0.360784
0.658824
0.133333
0.705882
0.533333
0.976471
0.580392
0.737255
0.278431
0.721569
0.45098
0.807843
0.0980392
0.266667
0.705882
0.988235
0.411765
0.666667
0.0352941
0.356863
0.643137
0.623529
0.270588
0.913725
0.478431
0.639216
0.52549
0.905882
0.580392
0.12549
0.356863
0.886275
0.105882
0.85098
0.933333
0.345098
0.752941
0.0117647
0.0588235
0.454902
0.823529
0.533333
0.305882
0.215686
0.6
0.87451
0.447059
0.454902
0.27451
0.921569
0.498039
0.00392157
0.796078
0.647059
0.466667
0.537255
0.290196
0.737255
0.184314
0.870588
0.780392
0.964706
0.0823529
0
1
0.776471
0.486275
0.505882
0.803922
0.85098
0.564706
0.811765
0.239216
0.803922
0.345098
0.945098
0.368627
0.0627451
0.0588235
0.682353
0.67451
0.298039
0.72549
0.431373
0.658824
0.423529
0.713725
0.317647
0.435294
0.713725
0.486275
0.137255
0.0627451
0.992157
0.298039
0.847059
0.239216
0.964706
0.458824
0.933333
0.721569
0.439216
0.156863
0.411765
0.658824
0.384314
0.0862745
0.807843
0.603922
0.580392
0.988235
0.282353
0.380392
0.603922
0.490196
0.494118
0.905882
0.811765
0.352941
0.745098
0.45098
0.0392157
0.552941
0.717647
