# RNG values from normal provider
0.545421
0.510956
0.72801
0.480036
0.235752
0.705032
0.446151
0.299076
0.481481
0.481392
0.534483
0.744074
0.534565
0.354653
0.382584
0.448222
0.433602
0.301516
0.636102
0.534365
0.571629
0.390281
0.648421
0.44286
0.551797
0.748753
0.42933
0.324423
0.395009
0.559781
0.658376
0.400142
0.44551
0.506318
0.470236
0.284626
0.668091
0.436972
0.564655
0.275189
0.529101
0.444854
0.589042
0.242049
0.714042
0.61845
0.605059
0.49381
0.436208
0.369747
0.335039
0.568443
0.810886
0.293235
0.849161
0.462587
0.275999
0.551767
0.193943
0.395986
0.749339
0.388014
0.483435
0.504768
0.553032
0.460797
0.221437
0.42742
0.682086
0.479335
0.43902
0.484472
0.587273
0.569237
0.500006
0.326558
0.586527
0.577069
0.397853
0.284877
0.492793
0.537918
0.396398
0.832121
0.595739
0.463452
0.614713
0.244453
0.455278
0.60969
0.195721
0.471962
0.790498
0.487266
0.454358
0.487499
0.463373
0.392868
0.591334
0.422901
0.67349
0.417266
0.776677
0.573149
0.534178
0.38033
0.361618
0.527297
0.503743
0.585512
0.561543
0.696729
0.277973
0.657919
0.774276
0.780517
0.564305
0.570135
0.216043
0.259206
0.208671
0.407425
0.332269
0.377799
0.48141
0.451807
0.446971
0.328732
0.697331
0.57869
0.464318
0.273409
0.0423148
0.105349
0.471792
0.461917
0.502948
0.591176
0.631331
0.431769
0.558711
0.356514
0.654909
0.452198
0.480462
0.529935
0.359463
0.566808
0.469593
0.345476
0.116215
0.591761
0.386758
0.500706
0.519386
0.549256
0.521726
0.606581
0.631261
0.445819
0.335935
0.516662
0.55919
0.533736
0.463891
0.685725
0.528585
0.507127
0.564233
0.146783
0.48059
0.422652
0.671157
0.347349
0.728623
0.529943
0.676323
0.457861
0.748059
0.544004
0.404228
0.487621
0.288303
0.546277
0.427218
0.266053
0.620611
0.469604
0.371777
0.357162
0.326424
0.717503
0.44836
0.379681
0.538646
0.91774
0.495639
0.653732
0.654374
0.426349
0.463063
0.401283
0.290531
0.594001
0.453824
0.458501
0.492363
0.451496
0.921912
0.150695
0.710777
0.554642
0.642997
0.494588
0.626825
0.501422
0.476331
0.544588
0.228158
0.723653
0.272279
0.592897
0.410982
0.510093
0.6232
0.706362
0.692601
0.246684
0.620058
0.169189
0.38688
0.37956
0.520258
0.722655
0.2778
0.364653
0.699608
0.0908867
0.483779
0.45892
0.772961
0.666631
0.648917
0.253474
0.542373
0.482379
0.792585
0.666373
0.695787
0.680992
0.487457
0.631462
0.511806
0.414904
0.474657
0.442683
0.308923
0.236349
0.412818
0.546537
0.390848
0.723413
0.577066
0.106603
0.5014
0.330572
0.290516
0.46855
0.724117
0.591616
0.32948
0.587931
0.349691
0.688704
0.509552
0.505103
0.605708
0.438885
0.639381
0.648711
0.543315
0.325271
0.310115
0.354718
0.403762
0.391354
0.445718
0.459916
0.623891
0.842528
0.612945
0.522462
0.285689
0.41845
0.579066
0.778231
0.362443
0.543604
0.41091
0.675915
0.480509
0.47644
0.552726
0.710309
0.776879
0.529314
0.467937
0.434755
0.268136
0.623319
0.769451
0.412623
0.707215
0.444328
0.464049
0.419771
0.574734
0.655742
0.851561
0.3502
0.721837
0.798839
0.470739
0.415109
0.698944
0.675148
0.463395
0.474174
0.462533
0.611413
0.355464
0.685588
0.670917
0.375084
0.474222
0.796786
0.529871
0.756931
0.705363
0.367945
0.682665
0.359033
0.30317
0.547847
0.397378
0.403643
0.601872
0.361134
0.554114
0.410792
0.342301
0.293709
0.402886
0.683872
0.454845
0.498166
0.373516
0.449909
0.781836
0.260256
0.382061
0.575872
0.577163
0.751023
0.385909
0.741609
0.515802
0.768349
0.607974
0.618368
0.684145
0.739056
0.624945
0.310796
0.634989
0.364482
0.564324
0.26936
0.64122
0.595328
0.457289
0.615764
0.875397
0.44712
0.495819
0.497562
0.457785
0.494564
0.370393
0.718871
0.720528
0.74255
0.708862
0.798205
0.245536
0.623441
0.455107
0.413161
0.529275
0.601259
0.612913
0.543478
0.429224
0.436497
0.517663
0.512314
0.263818
0.573882
0.445505
0.576609
0.568972
0.36881
0.483018
0.612004
0.437348
0.620864
0.764478
0.343022
0.403803
0.484573
0.470907
0.373185
0.466672
0.493861
0.339365
0.706654
0.607321
0.511957
0.353499
0.730563
0.592504
0.104601
0.550942
0.473359
0.427806
0.203002
0.504748
0.373601
0.407719
0.542261
0.56729
0.0603557
0.532153
0.303745
0.515103
0.351117
0.404373
0.403996
0.62031
0.401335
0.751882
0.572686
0.267674
0.476881
0.49384
0.441228
0.393768
0.613686
0.437918
0.677373
0.669575
0.569512
0.394043
0.496669
0.604401
0.527291
0.747601
0.641376
0.401964
0.532186
0.524034
0.419922
0.67707
0.679427
0.672794
0.559902
0.381911
0.682589
0.708156
0.222027
0.60814
0.735443
0.50027
0.568489
0.482399
0.638564
0.385676
0.515365
0.183733
0.2854
0.418685
0.569297
0.343412
0.598174
0.562565
0.433301
0.500001
0.530448
0.608642
0.456624
0.598258
0.433487
0.327908
0.323851
0.543607
0.36861
0.638079
0.448289
0.588575
0.179555
0.339834
0.448814
0.526867
0.416349
0.255919
0.309668
0.512127
0.606612
0.577009
0.435682
0.598545
0.867825
0.468535
0.29491
0.801592
0.327637
0.567245
0.373625
0.390167
1
0.618316
0.379938
0.53848
0.442783
0.685395
0.704289
0.857843
0.541697
0.475345
0.774629
0.593444
0.71493
0.759142
0.617561
0.450887
0.421339
0.12437
0.457905
0.80757
0.809933
0.456695
0.601817
0.429046
0.683831
0.465792
0.621506
0.34242
0.386732
0.512235
0.478072
0.756107
0.346168
0.523814
0.05151
0.550372
0.480419
0.409351
0.402448
0.206145
0.368026
0.382986
0.61038
0.408656
0.416051
0.539978
0.295576
0.715357
0.228016
0.449531
0.319591
0.422086
0.844964
0.767097
0.287424
0.497681
0.32789
0.355719
0.409387
0.379146
0.420431
0.48773
0.575418
0.497372
0.763093
0.36558
0.477964
0.607885
0.522916
0.500604
0.469468
0.608483
0.720069
0.606936
0.574721
0.474676
0.476104
0.533751
0.452386
0.05169
0.564795
0.69347
0.679293
0.38485
0.52256
0.442121
0.142163
0.439752
0.345938
0.488843
0.595926
0.539754
0.380366
0.522868
0.699281
0.715866
0.386332
0.344968
0.786104
0.561358
0.184603
0.613611
0.428225
0.500219
0.254461
0.519152
0.610131
0.567416
0.350164
0.474199
0.370927
0.434493
0.586938
0.379742
0.685803
0.520357
0.845295
0.483228
0.421441
0.599779
0.46954
0.751744
0.521064
0.375946
0.338439
0.487812
0.551792
0.650126
0.582253
0.723013
0.780259
0.421585
0.467481
0.393949
0.515378
0.420535
0.537056
0.701302
0.621317
0.463608
0.279189
0.626178
0.658694
0.252104
0.464631
0.456605
0.576772
0.429824
0.818903
0.542931
0.167092
0.227761
0.207845
0.42541
0.527763
0.796863
0.46252
0.422184
0.501559
0.70653
0.306528
0.78884
0.423927
0.605672
0.526889
0.388862
0.751158
0.645676
0.259134
0.178537
0.44964
0.53431
0.614638
0.530601
0.464762
0.566039
0.655867
0.823583
0.775566
0.727091
0.702089
0.341589
0.566451
0.613625
0.286039
0.433708
0.460175
0.504848
0.432743
0.511793
0.425477
0.131862
