# RNG values from fpga-serial provider
1
0.87451
0.87451
0.87451
0.74902
0.87451
0.87451
1
1
0.937255
1
0.74902
0.74902
1
1
0.74902
0.87451
0.74902
1
0.247059
1
0.498039
1
0.937255
1
1
1
0.74902
0.811765
1
0.937255
1
0.87451
0.937255
0.74902
0.87451
0.87451
0.937255
0.74902
1
0.74902
0.937255
1
1
1
0.623529
1
0.498039
0.74902
1
0.74902
0.623529
1
1
1
0.811765
0.74902
0.498039
1
0.811765
0.74902
1
1
1
1
0.74902
1
1
0.74902
0.87451
0.87451
1
0.498039
0.937255
1
1
0.498039
0.74902
1
0.87451
1
0.498039
0.811765
1
1
0.74902
0.74902
0.937255
1
0.74902
0.87451
0.498039
1
0.937255
1
1
0.937255
0.74902
1
0.74902
1
0.937255
1
1
0.498039
1
1
0.87451
0.937255
0.498039
0.937255
1
0.87451
1
0.87451
0.87451
1
0.937255
0.74902
1
0.968627
1
1
1
0.74902
1
0.87451
0.968627
0.937255
0.937255
1
0.87451
0.937255
0.937255
0.937255
0.87451
0.87451
1
0.811765
1
1
1
1
1
0.937255
1
1
1
0.87451
1
0.74902
0.87451
0.623529
0.87451
1
1
0.74902
0.87451
0.811765
0.74902
0.87451
1
0.87451
0.968627
1
0.87451
0.87451
0.937255
1
0.937255
1
0.87451
1
1
1
1
1
1
0.937255
1
0.74902
0.968627
1
0.937255
0.937255
1
1
0.87451
1
1
0.498039
0.905882
0.937255
0.74902
1
0.87451
1
1
1
1
0.87451
1
0.87451
1
0.87451
1
0.811765
0.937255
0.937255
0.87451
0.87451
0.87451
1
0.498039
0.498039
1
0.87451
1
0.498039
0.937255
1
0.74902
1
1
0.937255
0.937255
0.74902
0.87451
0.937255
0.905882
0.87451
0.87451
0.937255
1
1
0.498039
0.498039
0.87451
0.623529
0.498039
1
0.498039
0.811765
0.87451
1
0.87451
1
0.87451
0.247059
0.74902
0.87451
1
1
1
0.74902
0.87451
0.74902
0.937255
1
0.87451
1
1
0.498039
0.87451
0.937255
0.937255
1
1
1
0.74902
0.87451
0.74902
1
0.937255
0.247059
0.937255
0.87451
1
0.87451
1
1
1
0.87451
0.498039
1
0.87451
0.623529
1
0.87451
0.87451
1
0.87451
0.74902
1
0.498039
0.87451
0.937255
0.74902
1
0.74902
0.74902
0.811765
0.937255
0.937255
1
1
1
0.87451
0.87451
1
0.968627
0.87451
1
1
0.247059
0.937255
0.74902
1
0.87451
1
0.74902
0.937255
1
0.247059
0.498039
0.247059
1
1
0.87451
0.74902
1
1
0.937255
0.87451
0.87451
0.74902
1
1
1
1
1
0.498039
0.937255
1
1
0.87451
1
1
0.937255
1
0.498039
0.937255
1
0.498039
1
0.811765
1
0.87451
0.498039
1
1
1
1
1
1
0.74902
1
1
0.87451
1
0.498039
0.87451
0.937255
0.87451
1
0.937255
0.87451
0.87451
0.87451
1
1
0.74902
1
0.74902
0.937255
0.937255
1
0.623529
0.498039
0.74902
1
0.87451
0.74902
0.87451
1
0.87451
0.937255
1
1
1
0.623529
1
0.968627
0.74902
0.247059
0.74902
0.87451
0.87451
1
1
0.87451
1
0.87451
1
0.87451
1
1
1
1
1
1
0.937255
1
1
1
0.498039
0.937255
0.74902
0.74902
0.937255
1
0.87451
0.87451
0.937255
1
0.937255
0.74902
0.87451
0.498039
1
0.74902
0.87451
1
1
1
0.87451
1
0.87451
0.87451
1
0.937255
1
0.498039
0.87451
0.937255
0.74902
1
1
0.905882
1
0.87451
1
0.74902
0.87451
0.937255
0.87451
0.937255
1
1
0.87451
1
0.87451
0.74902
1
1
0.74902
1
0.811765
0.498039
1
0.74902
1
1
0.937255
0.498039
0.74902
0.74902
1
0.937255
1
1
1
1
0.87451
0.498039
0.87451
1
1
1
0.74902
0.498039
0.74902
0.623529
1
0.87451
0.87451
1
0.968627
0.968627
0.247059
1
0.74902
0.996078
1
0.996078
1
1
1
1
0.0862745
0.0823529
0.564706
0.945098
0.498039
0.576471
0.270588
0.211765
0.580392
0.796078
0.74902
0.00784314
0.933333
0.223529
0.564706
0.894118
0.34902
0.921569
0.352941
0.188235
0.584314
0.560784
0.482353
0.635294
0.00784314
0.447059
0.447059
0.905882
0.466667
0.682353
0.694118
0.388235
0.956863
0.54902
0.537255
0.501961
0.215686
0.435294
0.545098
0.392157
0.345098
0.168627
0.196078
0.87451
0.854902
0.415686
0.588235
0.231373
0.129412
0.756863
0.815686
0.0862745
0.0705882
0.980392
0.121569
0.65098
0.662745
0.486275
0.694118
0.964706
0.854902
0.0784314
0.431373
0.52549
0.380392
0.639216
0.0235294
0.796078
0.529412
0.741176
0.0470588
0.0431373
0.0352941
0.160784
0.172549
0.909804
0.360784
0.478431
0.733333
0.52549
0.678431
0.858824
0.101961
0.576471
0.756863
0.937255
0.94902
0.890196
0.345098
0.988235
0.368627
0.466667
0.537255
0.52549
0.419608
0.792157
0.172549
0.301961
0.6
0.0980392
0.0784314
0.933333
0.356863
0.827451
0.792157
0.568627
0.0235294
0.87451
0.533333
0.211765
0.027451
0.0666667
0.0980392
0.45098
0.619608
0.301961
0.654902
0.301961
0.411765
0.47451
0.364706
0.478431
0.207843
0.415686
0.247059
0.905882
0.870588
0.545098
0.564706
0.384314
0.635294
0.713725
0.0666667
0.639216
0.32549
0.921569
0.415686
0.286275
0.266667
0.160784
0.384314
0.941176
0.117647
0.513725
0.470588
0.298039
0.988235
0.686275
0.0705882
0.364706
0.588235
0.894118
0.698039
0.0470588
0.803922
0.235294
0.870588
0.945098
0.184314
0.337255
0.980392
0.694118
0.639216
0.933333
0.0941176
0.709804
0.152941
0.972549
0.819608
0.505882
0.45098
0.25098
0.4
0.305882
0.478431
0.447059
0.12549
0.72549
0.411765
0.886275
0.282353
0.596078
0.65098
0.0862745
0.0196078
0.545098
0.556863
0.792157
0.266667
0.533333
0.227451
0.352941
0.788235
0.129412
0.447059
0.560784
0.215686
0.419608
0.682353
0.168627
0.0588235
0.0823529
0.376471
0.87451
0.803922
0.105882
0.243137
0.14902
0.278431
0.901961
0.0392157
0.376471
0.172549
0.462745
0.431373
0.596078
0.521569
0.729412
0.141176
0.764706
0.109804
